File Name	Length	Position	Sample rate
VBtm90i.F32	1000000	2	195312.5
VBtm90i.F32	1000000	3	195312.5
VBtm90i.F32	1000000	5	195312.5
VBtm90ii.F32	2000000	1	195312.5
VBtm90ii.F32	2000000	2	195312.5
VBtm90ii.F32	2000000	3	195312.5
VBtm90iii.F32	2000000	1	195312.5
VBtm90iii.F32	2000000	2	195312.5
VBxm71ai.F32	1000000	4	195312.5
VBxm71aii.F32	1000000	2	195312.5
VBxm73i.F32	1000000	1	195312.5
VBxm73i.F32	1000000	2	195312.5
VBxm73ii.F32	1000000	1	195312.5
VBxm73ii.F32	1000000	2	195312.5
VBxm73iii.F32	1000000	1	195312.5
VBxm73iii.F32	1000000	2	195312.5
VBxm73iii.F32	1000000	3	195312.5
VBxm73iv.F32	1000000	1	195312.5
VBxm73iv.F32	1000000	2	195312.5
VBxm73vi.F32	1000000	1	195312.5
VBxm73vii.F32	1000000	1	195312.5
VBxm73vii.F32	1000000	2	195312.5
VBxm73vii.F32	1000000	3	195312.5
VBxm74i.F32	1000000	1	195312.5
VBxm74iii.F32	1000000	1	195312.5
VBxm74iii.F32	1000000	2	195312.5
VBxm74iii.F32	1000000	3	195312.5
VBxm76i.F32	1000000	1	195312.5
VBxm77i.F32	1000000	1	195312.5
VBxm77i.F32	1000000	2	195312.5
VBxm77i.F32	1000000	3	195312.5
VBxm78i.F32	1000000	1	195312.5
VBxm82i.F32	1000000	2	195312.5
VBxm88i.F32	1000000	2	195312.5
VBxm93i.F32	1000000	2	195312.5
VBxm93ii.F32	1000000	3	195312.5
VBxm93iii.F32	1000000	5	195312.5
VBxm93iv.F32	1000000	2	195312.5
VBxm93v.F32	1000000	2	195312.5
VBxm98i.F32	1000000	3	195312.5
VBxm99i.F32	1000000	2	195312.5
VBxm99ii.F32	1000000	3	195312.5
CX37i.F32	1000000	1	195312.5
CX39i.F32	1000000	1	195312.5
CX39i.F32	1000000	2	195312.5
CX39i.F32	1000000	4	195312.5
CX44i.F32	1000000	3	195312.5
CX45i.F32	1000000	1	195312.5
CX45i.F32	1000000	2	195312.5
CX45i.F32	1000000	3	195312.5
CX45i.F32	1000000	4	195312.5
CX45i.F32	1000000	5	195312.5
CX45i.F32	1000000	6	195312.5
CX45ii.F32	1000000	1	195312.5
CX45ii.F32	1000000	3	195312.5
CX45ii.F32	1000000	5	195312.5
CX45ii.F32	1000000	6	195312.5
CX45iii.F32	1000000	5	195312.5
CX45iii.F32	1000000	6	195312.5
CX45iv.F32	1000000	3	195312.5
CX45v.F32	1000000	3	195312.5
CX45v.F32	1000000	4	195312.5
CX47i.F32	1000000	1	195312.5
CX51i.F32	1000000	2	195312.5
CX51i.F32	1000000	4	195312.5
CX51i.F32	1000000	5	195312.5
CX51i.F32	1000000	6	195312.5
CX52i.F32	1000000	2	195312.5
CX53i.F32	1000000	1	195312.5
CX53i.F32	1000000	2	195312.5
CX55i.F32	1000000	1	195312.5
CX79i.F32	1000000	2	195312.5
CX85i.F32	1000000	1	195312.5
CT61ii.F32	2000000	1	195312.5
CT62i.F32	2000000	1	195312.5
CT62ii.F32	2000000	1	195312.5
CT62ii.F32	2000000	2	195312.5
CT67ii.F32	2000000	1	195312.5
CT67iii.F32	2000000	1	195312.5
CT67vi.F32	2000000	1	195312.5
CT69i.F32	2000000	1	195312.5
CT69ii.F32	2000000	1	195312.5
CT69iii.F32	2000000	1	195312.5
CT74i.F32	2000000	1	195312.5
CT74ii.F32	2000000	1	195312.5
CT74iii.F32	2000000	2	195312.5
CT74iv.F32	2000000	1	195312.5
CT76i.F32	2000000	1	195312.5
CT76ii.F32	2000000	1	195312.5
CT76iii.F32	2000000	1	195312.5
CT76iv.F32	2000000	1	195312.5
CT76v.F32	2000000	1	195312.5
CT76v.F32	2000000	2	195312.5
CT76v.F32	2000000	3	195312.5
CT78i.F32	2000000	1	195312.5
CT78ii.F32	2000000	2	195312.5
CT78iii.F32	2000000	1	195312.5
CT78iii.F32	2000000	2	195312.5
CT78iii.F32	2000000	3	195312.5
CT88iii.F32	2000000	1	195312.5
CT90i.F32	2000000	1	195312.5
CT90ii.F32	2000000	1	195312.5
CT90ii.F32	2000000	2	195312.5
CT90iii.F32	2000000	1	195312.5
CT90iii.F32	2000000	2	195312.5
CT92i.F32	2000000	1	195312.5
CT92ii.F32	2000000	1	195312.5
CT92iii.F32	2000000	1	195312.5
CT94i.F32	2000000	1	195312.5
CT94ii.F32	2000000	1	195312.5
CT94ii.F32	2000000	2	195312.5
CT94ii.F32	2000000	3	195312.5
CT94iii.F32	2000000	1	195312.5
CT94iii.F32	2000000	2	195312.5
CT94iii.F32	2000000	3	195312.5
CT94iv.F32	2000000	1	195312.5
CT94iv.F32	2000000	2	195312.5
CT94iv.F32	2000000	3	195312.5
CT94v.F32	2000000	1	195312.5
CT94v.F32	2000000	2	195312.5
CT94v.F32	2000000	3	195312.5
CT94vi.F32	2000000	1	195312.5
CT97i.F32	2000000	2	195312.5
CT97ii.F32	2000000	1	195312.5
CT97iii.F32	2000000	1	195312.5
CT97iv.F32	2000000	1	195312.5
CT97v.F32	2000000	1	195312.5
CT97v.F32	2000000	2	195312.5
CT97vi.F32	2000000	1	195312.5
CT97vi.F32	2000000	2	195312.5
CT97vi.F32	2000000	3	195312.5
IR01i.F32	2000000	1	195312.5
IR01ii.F32	2000000	1	195312.5
IR01iii.F32	2000000	1	195312.5
IR02i.F32	2000000	1	195312.5
IR02ii.F32	2000000	1	195312.5
IR02iii.F32	2000000	1	195312.5
IR02iv.F32	2000000	1	195312.5
IR03i.F32	2000000	1	195312.5
IR03ii.F32	2000000	3	195312.5
IR03iii.F32	2000000	1	195312.5
IR03iv.F32	2000000	1	195312.5
IR06i.F32	2000000	1	195312.5
IR06ii.F32	2000000	1	195312.5
IR06iii.F32	2000000	1	195312.5
IR06iv.F32	2000000	1	195312.5
IR10i.F32	2000000	1	195312.5
IR10ii.F32	2000000	1	195312.5
IR10iii.F32	2000000	1	195312.5
IR14i.F32	2000000	1	195312.5
IR14ii.F32	2000000	1	195312.5
IR14ii.F32	2000000	2	195312.5
IR14iii.F32	2000000	1	195312.5
IR15i.F32	2000000	1	195312.5
IR15i.F32	2000000	2	195312.5
IR15ii.F32	2000000	1	195312.5
IR15ii.F32	2000000	2	195312.5
IR15iii.F32	2000000	1	195312.5
IR15iii.F32	2000000	2	195312.5
IR15iv.F32	2000000	1	195312.5
IR15iv.F32	2000000	2	195312.5
IR16i.F32	2000000	1	195312.5
IR16i.F32	2000000	3	195312.5
IR16ii.F32	2000000	1	195312.5
IR16ii.F32	2000000	3	195312.5
IR17i.F32	2000000	2	195312.5
IR17ii.F32	2000000	1	195312.5
IR17iii.F32	2000000	1	195312.5
IR18i.F32	2000000	1	195312.5
IR18i.F32	2000000	2	195312.5
IR18i.F32	2000000	3	195312.5
IR19i.F32	2000000	1	195312.5
IR19ii.F32	2000000	2	195312.5
IR19iii.F32	2000000	1	195312.5
IR19iii.F32	2000000	2	195312.5
IR22i.F32	2000000	2	195312.5
IR22ii.F32	2000000	1	195312.5
IR22iii.F32	2000000	1	195312.5
IR25i.F32	2000000	1	195312.5
IR25i.F32	2000000	2	195312.5
IR25i.F32	2000000	3	195312.5
IR25ii.F32	2000000	1	195312.5
IR25ii.F32	2000000	2	195312.5
IR25iii.F32	2000000	1	195312.5
IR30i.F32	2000000	1	195312.5
IR30ii.F32	2000000	1	195312.5
IR31i.F32	2000000	1	195312.5
IR32i.F32	2000000	1	195312.5
IR32i.F32	2000000	2	195312.5
IR34i.F32	2000000	1	195312.5
IR34ii.F32	2000000	1	195312.5
IR34iii.F32	2000000	1	195312.5
IR40i.F32	2000000	1	195312.5
IR44i.F32	2000000	1	195312.5
IR45i.F32	2000000	1	195312.5
IR46i.F32	2000000	1	195312.5
IR47iii.F32	2000000	1	195312.5
IR48i.F32	2000000	1	195312.5
IR48i.F32	2000000	2	195312.5
IR48i.F32	2000000	3	195312.5
IR50i.F32	2000000	1	195312.5
IR50i.F32	2000000	2	195312.5
IR50ii.F32	2000000	1	195312.5
IR51i.F32	2000000	1	195312.5
IR51ii.F32	2000000	1	195312.5
IR51iii.F32	2000000	1	195312.5
IR52i.F32	2000000	2	195312.5
IR53iii.F32	2000000	1	195312.5
IR54i.F32	2000000	1	195312.5
IR56i.F32	2000000	2	195312.5
IR56i.F32	2000000	3	195312.5
IR56ii.F32	2000000	2	195312.5
IR56iii.F32	2000000	2	195312.5
IR57i.F32	2000000	1	195312.5
IR57i.F32	2000000	2	195312.5
IR57ii.F32	2000000	1	195312.5
IR59i.F32	2000000	1	195312.5
IR59ii.F32	2000000	1	195312.5
IR59iii.F32	2000000	1	195312.5
IR59iv.F32	2000000	1	195312.5
IR59v.F32	2000000	1	195312.5
IR59v.F32	2000000	2	195312.5
IR60i.F32	2000000	2	195312.5
IR60i.F32	2000000	3	195312.5
IR60ii.F32	4000000	0.5	195312.5
IR60iii.F32	2000000	1	195312.5
IR60iv.F32	2000000	2	195312.5
IR60v.F32	2000000	2	195312.5
IR61ii.F32	2000000	2	195312.5
IR61ii.F32	2000000	3	195312.5
IR61iii.F32	2000000	2	195312.5
IR62i.F32	2000000	1	195312.5
IR62i.F32	2000000	2	195312.5
IR62i.F32	2000000	3	195312.5
IR62ii.F32	2000000	1	195312.5
IR62iii.F32	2000000	1	195312.5
IR63i.F32	2000000	1	195312.5
IR63ii.F32	2000000	1	195312.5
IR63ii.F32	2000000	2	195312.5
IR63ii.F32	2000000	3	195312.5
IR64i.F32	2000000	2	195312.5
IR64ii.F32	2000000	1	195312.5
IR64iii.F32	2000000	1	195312.5
IR64iii.F32	2000000	2	195312.5
IR64iv.F32	2000000	1	195312.5
